-1.332707295602053865e-01
-1.121391577899513825e+00
-1.919405123125846435e+00
-2.419774017410738054e+00
-2.596082927038164012e+00
-2.490554555590820840e+00
-2.181841237893911156e+00
-1.752433688906081644e+00
-1.267444292649064552e+00
-7.667822749080036582e-01
-2.672343056412330720e-01
2.299700304140304130e-01
7.292527773145299763e-01
1.230165845187718876e+00
1.717393191020258003e+00
2.152921644710896754e+00
2.473405536065455212e+00
2.597094946377533020e+00
2.444018964963167395e+00
1.968000348879092920e+00
1.189517916811527520e+00
2.103346686461302351e-01
-8.057194817508914753e-01
-1.682780676845235579e+00
-2.289344776185001429e+00
-2.571809781467053746e+00
-2.552547969288619711e+00
-2.302015261735641527e+00
-1.904465419369775869e+00
-1.432292253627061696e+00
-9.339672417259883286e-01
-4.333340979006430338e-01
6.422357468978730222e-02
5.624070730820270869e-01
1.063552816634198317e+00
1.558324145105030034e+00
2.016903427606690169e+00
2.384188588860254754e+00
2.583019462505302677e+00
2.529737389892870780e+00
2.162947760016072252e+00
1.477959862697391547e+00
5.497364757783687050e-01
-4.742108095152570146e-01
-1.415417589430178591e+00
-2.122249784953767815e+00
-2.513609994580657592e+00
-2.588742241039893255e+00
-2.405967426883353522e+00
-2.048414977989157837e+00
-1.594444268733311132e+00
-1.101050809864387192e+00
-5.998513628695740785e-01
-1.014419856269500042e-01
3.959879731867660957e-01
8.964040546736068427e-01
1.395450298253200216e+00
1.870936643260210808e+00
2.276323588352508143e+00
2.540756207700831215e+00
2.580143233201815711e+00
2.321849563924895055e+00
1.738737150273489407e+00
8.782277818150471260e-01
