-4.267653191581012169e-08
-5.642862691700299971e-01
-1.048103682304835971e+00
-1.391461485922768970e+00
-1.567088503683484291e+00
-1.580992312539392319e+00
-1.463761118391806004e+00
-1.258167128575700344e+00
-1.008098551111611174e+00
-7.513205489391816538e-01
-5.161442564123980281e-01
-3.208163627785681760e-01
-1.742823587721678280e-01
-7.740644491057603604e-02
-2.426806720575337695e-02
-3.529181263034272473e-03
-4.401275379262691176e-08
3.529096455790898309e-03
2.426799161955561779e-02
7.740638332935884103e-02
1.742823141910289642e-01
3.208163361021602045e-01
5.161442463894154731e-01
7.513205522549314397e-01
1.008098562582202318e+00
1.258167141469241912e+00
1.463761125003891106e+00
1.580992305199555803e+00
1.567088476274615783e+00
1.391461435707199712e+00
1.048103611454735073e+00
5.642861851652939409e-01
-4.301750291150208918e-08
-5.642862648687091420e-01
-1.048103673822767146e+00
-1.391461474023781619e+00
-1.567088489086138958e+00
-1.580992295589100927e+00
-1.463761098861771082e+00
-1.258167105633398508e+00
-1.008098523432170879e+00
-7.513205149281441120e-01
-5.161442145036685414e-01
-3.208163117739212811e-01
-1.742822981758407330e-01
-7.740637519376840359e-02
-2.426798992764620660e-02
-3.529098991288549987e-03
3.996904724346470880e-08
3.529178605072042819e-03
2.426806865411460304e-02
7.740645268596572925e-02
1.742823743201238063e-01
3.208163865487506095e-01
5.161442876732775797e-01
7.513205856078740696e-01
1.008098589614800256e+00
1.258167163830597568e+00
1.463761144079599896e+00
1.580992321881643070e+00
1.567088490837623471e+00
1.391461447826902065e+00
1.048103620392061730e+00
5.642861900882696347e-01
