-1.312302055370025755e+00
-1.168370351796129247e+00
-9.795372517689908687e-01
-7.807747905716125869e-01
-6.006212206993182257e-01
-4.594191718444227135e-01
-3.689484445846691330e-01
-3.327956803894755455e-01
-3.471836686014372897e-01
-4.022644576432852226e-01
-4.839414616375600775e-01
-5.761484464582595777e-01
-6.632976289965103467e-01
-7.324622931955098171e-01
-7.748772921837837613e-01
-7.865212192232591271e-01
-7.677987460208416381e-01
-7.225575450282749612e-01
-6.567772372856032215e-01
-5.772501069467338430e-01
-4.904776854981934275e-01
-4.018908793369653787e-01
-3.154064793772635711e-01
-2.332766677499381047e-01
-1.561671797328228473e-01
-8.340112638530128297e-02
-1.331593928759513580e-02
5.630836305300138123e-02
1.277840747759446949e-01
2.030447959454889373e-01
2.831989274719177718e-01
3.681403850986191828e-01
4.562550520393643394e-01
5.442710920456239609e-01
6.273125521018767525e-01
6.992219251710664052e-01
7.532067670916878788e-01
7.828241119777145096e-01
7.832359154377563915e-01
7.525570706852038327e-01
6.930073852611527974e-01
6.115242335544923691e-01
5.195461679773363262e-01
4.318550148060741889e-01
3.646160177182110607e-01
3.329783264297561662e-01
3.486851578406683916e-01
4.180537325647470381e-01
5.404799819285549534e-01
7.074378197426682835e-01
9.019174759080430537e-01
1.098448992358521004e+00
1.264223573433997050e+00
1.362138825753267835e+00
1.356503617161207709e+00
1.221304085653338367e+00
9.493397338948100783e-01
5.588553936796994970e-01
9.383195024816498586e-02
-3.840430722408180175e-01
-8.099187761347700354e-01
-1.131544948765068170e+00
-1.320273321472725803e+00
-1.373943449141366902e+00
